<?xml version="1.0" encoding="utf-8"?>
<opencv_storage>
   <center_coloum>2.41122152772168135471e+02</center_coloum>
   <center_row>2.45036373345748415886e+02</center_row>
   <para_a>3.36088300417392904507e+00</para_a>
   <para_b>4.38421126618396272967e-03</para_b>
   <correction_x>1.16127935095168766111e+01</correction_x>
   <correction_y>-3.00183317707834618204e+00</correction_y>
   <max_radius>3.58284815996589657061e+02</max_radius>
</opencv_storage>