<?xml version="1.0" encoding="utf-8"?>
<opencv_storage>
   <center_coloum>2.39717370444510549987e+02</center_coloum>
   <center_row>2.33662103099167410392e+02</center_row>
   <para_a>2.29476627424165435798e+00</para_a>
   <para_b>5.51658782500660978265e-03</para_b>
   <correction_x>-4.08439148222341401606e+01</correction_x>
   <correction_y>-3.30462689199126344874e+01</correction_y>
   <max_radius>2.84740563664100534425e+02</max_radius>
</opencv_storage>