<?xml version="1.0"?>
<opencv_storage>
<Color_Calib>
  <_>
    <poly_pts>
      226 226 286 226 286 286 226 286</poly_pts>
    <line_pts>
      0 510</line_pts></_>
  <_>
    <poly_pts>
      226 226 286 226 286 286 226 286</poly_pts>
    <line_pts>
      0 510</line_pts></_>
  <_>
    <poly_pts>
      226 226 286 226 286 286 226 286</poly_pts>
    <line_pts>
      0 510</line_pts></_></Color_Calib>
</opencv_storage>
