<?xml version="1.0" encoding="utf-8"?>
<opencv_storage>
   <center_coloum>2.46464528503391278491e+02</center_coloum>
   <center_row>2.43461919881762412388e+02</center_row>
   <para_a>1.09307798336668064373e-03</para_a>
   <para_b>2.98838368636606364903e-03</para_b>
   <correction_x>-8.05062459970181244599e-04</correction_x>
   <correction_y>1.75769159518064438039e-04</correction_y>
   <max_radius>5.25634085730476385834e+02</max_radius>
</opencv_storage>