<?xml version="1.0" encoding="utf-8"?>
<opencv_storage>
   <center_coloum>2.42956393312391190000e+02</center_coloum>
   <center_row>2.41067025704244490000e+02</center_row>
   <para_a>1.99200565803423860000e+00</para_a>
   <para_b>5.60246907249066110000e-03</para_b>
   <correction_x>0</correction_x>
   <correction_y>5</correction_y>
   <max_radius>2.72590847262624040000e+02</max_radius>
</opencv_storage>
