<?xml version="1.0" encoding="utf-8"?>
<opencv_storage>
   <center_coloum>2.14736638018800192640e+02</center_coloum>
   <center_row>1.63555379903645757622e+02</center_row>
   <para_a>4.19667456559071581912e-03</para_a>
   <para_b>4.03770824313634622144e-03</para_b>
   <correction_x>-4.39236904031956032490e-02</correction_x>
   <correction_y>4.34253150983740995872e-02</correction_y>
   <max_radius>3.89031656624788354293e+02</max_radius>
</opencv_storage>