<?xml version="1.0" encoding="utf-8"?>
<opencv_storage>
   <center_coloum>3.34955759245471085706e+02</center_coloum>
   <center_row>2.36475691885706964968e+02</center_row>
   <para_a>2.11576259108231257144e+00</para_a>
   <para_b>5.77375027958188912630e-03</para_b>
   <correction_x>-6.05638736987539516576e+00</correction_x>
   <correction_y>4.30702423053740002246e+00</correction_y>
   <max_radius>2.72058237840630511073e+02</max_radius>
</opencv_storage>
