<?xml version="1.0"?>
<opencv_storage>
<Color_Calib>
  <_>
    <poly_pts>
      138 124 193 142 179 196 144 173</poly_pts>
    <line_pts>
      0 255</line_pts></_>
  <_>
    <poly_pts>
      136 122 181 97 178 241 132 209</poly_pts>
    <line_pts>
      0 510</line_pts></_>
  <_>
    <poly_pts>
      36 198 101 185 135 255 14 253</poly_pts>
    <line_pts>
      0 510</line_pts></_></Color_Calib>
</opencv_storage>
