<?xml version="1.0" encoding="utf-8"?>
<opencv_storage>
   <center_coloum>2.40883905217190971371e+02</center_coloum>
   <center_row>1.97903070173700569967e+02</center_row>
   <para_a>5.22941171732556053797e+00</para_a>
   <para_b>3.19233070665388748294e-03</para_b>
   <correction_x>-8.40011661095131501042e+01</correction_x>
   <correction_y>-1.16243093198488036677e+01</correction_y>
   <max_radius>4.92053133317557126247e+02</max_radius>
</opencv_storage>