<?xml version="1.0"?>
<opencv_storage>
<Color_Calib>
  <_>
    <poly_pts>
      131 127 189 127 181 179 142 152</poly_pts>
    <line_pts>
      0 255</line_pts></_>
  <_>
    <poly_pts>
      153 125 169 86 178 187 152 199</poly_pts>
    <line_pts>
      0 255</line_pts></_>
  <_>
    <poly_pts>
      5 0 102 200 107 247 37 249</poly_pts>
    <line_pts>
      0 255</line_pts></_></Color_Calib>
</opencv_storage>
