<?xml version="1.0" encoding="utf-8"?>
<opencv_storage>
   <center_coloum>2.19584076064811455353e+02</center_coloum>
   <center_row>2.16649766968754590835e+02</center_row>
   <para_a>-3.00107609090488267056e-03</para_a>
   <para_b>2.54340066087860999788e-03</para_b>
   <correction_x>1.20912922219457456482e-03</correction_x>
   <correction_y>1.25927125347353096804e-03</correction_y>
   <max_radius>6.17596885522656748435e+02</max_radius>
</opencv_storage>